remote_transmitter:
  pin: D7
  # Infrared remotes use a 50% carrier signal
  carrier_duty_percent: 50%
  
  
switch:
  - platform: template
    name: Raw Code Power Button
    turn_on_action:
      - remote_transmitter.transmit_raw:
          code: [ 3450, -1750, 450, -400, 450, -1300, 450, -400, 450, -400, 450, -450, 400, -450, 450, -400, 450, -400, 450, -450, 450, -400, 450, -400, 450, -450, 450, -400, 450, -1300, 400, -450, 450, -400, 450, -400, 450, -450, 400, -450, 450, -400, 450, -450, 450, -400, 450, -400, 450, -1300, 400, -450, 450, -400, 450, -450, 400, -450, 450, -400, 450, -400, 450, -450, 450, -400, 450, -1300, 400, -450, 450, -1250, 450, -1300, 450, -1300, 450, -1250, 450, -400, 450, -450, 450, -1250, 450, -450, 400, -1300, 450, -1300, 450, -1250, 450, -1300, 450, -400, 450, -1300, 450]
          carrier_frequency: 37 kHz
          repeat:
            times: 30
            wait_time: 30 ms
            
  - platform: template
    name: Raw Code AV Button
    turn_on_action:
      - remote_transmitter.transmit_raw:
          code: [ 3450, -1750, 450, -400, 450, -1300, 450, -400, 450, -400, 450, -450, 450, -400, 450, -400, 450, -450, 400, -450, 450, -400, 450, -400, 450, -450, 400, -450, 450, -1300, 400, -450, 450, -400, 450, -450, 400, -450, 450, -400, 450, -400, 450, -450, 400, -450, 450, -400, 450, -1300, 450, -400, 450, -400, 450, -450, 450, -400, 450, -400, 450, -450, 400, -450, 450, -400, 450, -1300, 400, -450, 450, -1300, 400, -450, 450, -400, 450, -400, 450, -450, 450, -400, 450, -1300, 450, -400, 450, -1250, 450, -450, 450, -400, 450, -400, 450, -450, 450, -1250, 450]
          carrier_frequency: 37 kHz
          repeat:
            times: 10
            wait_time: 20 ms


  - platform: template
    name: Volume up
    turn_on_action:
      - remote_transmitter.transmit_raw:
          code: [ 3500, -1700, 450, -400, 450, -1250, 500, -400, 450, -400, 450, -400, 500, -400, 450, -400, 450, -400, 450, -400, 500, -400, 450, -400, 450, -400, 500, -400, 450, -1250, 500, -350, 500, -400, 450, -400, 450, -400, 550, -350, 450, -400, 450, -400, 500, -350, 500, -400, 450, -1250, 500, -400, 450, -400, 450, -400, 500, -350, 500, -400, 450, -400, 450, -400, 500, -400, 500, -350, 450, -400, 500, -400, 450, -400, 450, -400, 450, -1300, 450, -400, 450, -400, 500, -350, 500, -400, 450, -400, 450, -400, 500, -400, 450, -1250, 500, -400, 450, -1250, 500]
          carrier_frequency: 37 kHz
          repeat:
            times: 10
            wait_time: 20 ms


  - platform: template
    name: Volume down
    turn_on_action:
      - remote_transmitter.transmit_raw:
          code: [ 3600, -1550, 600, -300, 550, -1150, 600, -300, 550, -300, 600, -250, 600, -250, 600, -300, 600, -250, 600, -250, 550, -350, 550, -300, 550, -300, 600, -250, 600, -1150, 600, -250, 550, -350, 550, -300, 600, -250, 600, -250, 600, -300, 550, -300, 600, -250, 600, -300, 550, -1150, 600, -250, 600, -300, 550, -300, 600, -250, 600, -300, 550, -300, 600, -250, 600, -250, 600, -1150, 600, -250, 600, -300, 550, -300, 550, -300, 600, -1150, 600, -250, 600, -250, 600, -1150, 600, -250, 550, -350, 550, -300, 600, -250, 600, -1150, 550, -300, 550, -1200, 550]
          carrier_frequency: 37 kHz
          repeat:
            times: 10
            wait_time: 20 ms
          
